  0.18603114399133863     
  -1.4693936156375524     
  0.79165417537788474     
  0.57520288641814199     
 -0.35867505185194709     
 -0.82564950078438293     
  -1.6597306001844334     
 -0.74131981456716600     
  0.63079292798322673     
 -0.98445637892768167     
  -2.7203617209591857     
 -0.80699122552759739     
  -1.4793075637447708     
   9.6661413993847548E-002
 -0.44394211140919354     
 -0.17627326404468294     
 -0.75167673063024643     
 -0.39085146819901284     
 -0.76369699010023118     
   1.2911789492945787     
  0.50478072857104683     
 -0.25667041787876926     
   1.7127830238180557     
  0.11119472082662225     
   2.0788781431173118     
   1.6005929824724445     
  0.35629020533324485     
 -0.31797290941644674     
   2.8210912499839109     
  -4.2621589249293504E-002
  0.96180107180883245     
  0.60132610780067763     
   1.5079369267839178     
  0.35684354472953428     
   2.4803562580713425     
 -0.99063339702378250     
   1.2007596628600627     
  0.75916388369329579     
  -1.8760428603953849     
   1.2529861806380245E-002
 -0.47758396465556491     
 -0.20261374367292675     
  0.75532577839992354     
   1.6658780584760866     
 -0.61742923936515859     
   1.3762114261226288     
  -1.2945031144647685     
   1.4659374277857671     
 -0.42656144894717452     
  0.58219913274897805     
  0.62909731077270048     
 -0.13274127267455618     
  0.10933755274945026     
  -7.1311965403967864E-002
   3.4256477737868704E-002
   1.0147474343558924     
  -1.6410586884703116     
  0.56300889977346236     
 -0.22813698114224887     
 -0.36226459800392036     
   1.7547254864056234     
  -1.5180532750028337     
   1.5629693068234205     
  0.92886055610943208     
   1.0953641879849729     
  -8.3590645803273619E-002
  -1.8331348053556462     
  -2.4488903111988978     
 -0.14754845671228353     
 -0.11902288947857334     
  0.71560898623399882     
  0.43335239653860563     
  0.56247045409024743     
  -2.5062748256582341     
   1.0722282554912150     
  0.72688806218782009     
  0.58202221629162876     
   5.8252629583257380E-002
 -0.38975960011832139     
 -0.17349322445459600     
  -1.3581338338273126     
  0.24625252185112070     
 -0.69156671178525608     
   7.2544766112053793E-002
   1.5240374518907156     
 -0.60207211064430599     
   1.0551777677279304     
   1.7511238593110496     
   1.0593365069469090     
 -0.78648577143829324     
  0.19462341510766873     
  0.59210181239532456     
   2.2340004504464823     
   1.1246855825086910     
   2.9440651474058756E-002
 -0.80770806611159174     
   1.1567195574169518     
 -0.73250477731269314     
  -1.0141806559475801     
   1.3226057050949942     
 -0.81611628752439747     
  -2.8772741246663323E-002
  -1.5509378001665675     
 -0.94754812481618800     
 -0.84630560297717694     
   1.0914111380989666     
  0.34056077314370325     
 -0.21029185058637587     
  0.63017796785882441     
   1.3368524652696683     
 -0.61453092908481732     
 -0.84503893678549202     
  0.69654654432728647     
   1.4144482059575250     
 -0.85925643267229168     
  -2.6328777470491000     
 -0.49274807792890618     
 -0.38872238584155056     
 -0.15955448697136879     
  -1.9535200296628348     
  0.12389333816011827     
  -1.0656064080836192     
  0.65800096158663957     
 -0.15810818319125641     
  -1.6118184790489314     
  -8.4240652935419685E-002
  0.19827558876038498     
  0.55922331934534508     
 -0.69140693400070974     
 -0.60789824263699332     
  0.33580378470047573     
  0.30853155039908953     
 -0.16538552421796021     
   1.3330117886591033     
 -0.11616983336072884     
   4.4680603730425233E-002
  0.28624861279309982     
  -1.1465361313541906     
  0.33867012312251932     
  0.79446765699375921     
 -0.10580122147639365     
 -0.53728268235443422     
 -0.62758217650699177     
 -0.15856570066468686     
  0.84954379993040152     
  0.58363134404446759     
   1.5145583991919469     
 -0.33772205647688314     
  0.31656852956876436     
  -1.4515479962833524     
  0.34241529994135633     
  -1.0717457747840260     
   1.0192973404846004     
  -1.1816078416649014     
   1.1661057753471329     
 -0.73750145520659405     
  0.80200093849813081     
  0.70628536833965216     
  0.98510457448918565     
  0.70525150793156977     
  0.38769119972425597     
  -3.9992822665571491E-002
  0.84851461286111407     
 -0.36079968413797442     
  -1.0262250590054662     
  -2.7670337132516421E-002
 -0.31614213176221667     
  0.63329297970698417     
 -0.33661155319984171     
   4.1264647477635185E-003
   1.3935082972743005     
  0.59550740471945396     
  -1.8146825195760006     
  -6.1702876561832327E-002
   1.5312317746975077     
 -0.55581707936643676     
  0.82751351299526654     
  -1.0078277088671634     
  -1.5609991144965771     
 -0.14574390203517584     
  0.14426858877009227     
  -3.9403621063481789E-002
  -1.1354439085159735     
  -1.8650978949669794     
   1.4174043055651402     
 -0.40189310244220139     
 -0.42683237350334896     
  0.85580891621321942     
 -0.44877527218903729     
  -1.6215983956646158     
 -0.55129375170907713     
  0.72815673418159121     
  -1.0230044995074665     
   1.4675969929608270     
  0.26293289855741991     
 -0.49598392300309885     
  0.91455930247745720     
  -1.9573248924568294     
   1.9033191815922124     
  -1.7117198018563340     
  -2.2756972736304988     
 -0.79958763880340467     
 -0.55202933875481031     
 -0.19299196247004866     
 -0.50539691433913714     
  0.54136284446005223     
   1.2440161630303721     
  -2.4682449446249768     
 -0.39364942372389605     
  -1.5949978725365399     
  -1.7002063558943521     
  0.82479028094988460     
 -0.99444723266249557     
 -0.12101128492376589     
  -1.6866053925894986     
 -0.13119373186295794     
   1.6833026027152127     
 -0.66071439855509373     
  -4.9224892961802817E-002
  0.62157065490836017     
  0.57721141038695600     
 -0.27366390322190765     
  0.21781657474510158     
   1.0015257188442772     
   1.2682520721607431     
 -0.82755576091527694     
  -1.8062309214244348     
 -0.71505489928065158     
   1.6637256808233647     
  0.60814725445265672     
  -1.0605930503852633E-002
  0.96163884784072695     
 -0.58825624354746975     
  0.13981785854611437     
  0.60733965186007044     
  0.58170366275208774     
  0.13265887334008525     
 -0.40588661550194760     
  0.35651510684838167     
 -0.37861838502202533     
 -0.23829927035406914     
 -0.23832897790228197     
   1.6725154118271668     
 -0.39339912653394271     
  0.15317945336131092     
   4.2307183472737535E-002
 -0.22500433096737177     
  -7.7316386219193428E-002
  0.35385562810058963     
 -0.37958664327200276     
   1.1181151413007409     
   2.0184420257064666     
  0.26364801868300863     
  0.41516881134902994     
  0.35025506960798147     
  -1.0298786742954293     
   1.1066830623560422     
  -1.6594723255112012     
  0.56822504726344492     
  0.29228951037948192     
 -0.57329413508941129     
   1.8775625394090176     
  0.75791843874684595     
  0.13399834875506345     
 -0.19416680725803878     
  0.31927091707544725     
  -1.5352290394387293     
  0.60733128081732957     
   1.1036872574158734     
   2.0287783713875673     
 -0.10767147866263520     
  -1.2063264964218192     
 -0.32438914241282762     
   1.5758279050841584     
  0.14840694284184988     
  -1.4428804258828694     
  0.43361764309261563     
  -1.5858291714308774     
   1.2810241065850627     
  -1.1128697009877935     
  0.28314553954721111     
 -0.47632072259474173     
   1.3715991103936196     
   1.3126792452677039     
   1.6283565100440347     
  0.80612761794286303     
 -0.18032183711947408     
  -1.6058602256081591     
 -0.35440173206587794     
   1.1168821181766659     
 -0.30211632378085779     
  -1.2875313303070166E-002
   1.1926537959958188     
  -1.2089759266317461     
   6.4271825210874031E-002
  -2.2743289235748176     
  0.33196214267316948     
  0.79170170331663792     
  0.11419650085754099     
   4.7964023946155357E-002
  0.21636315868785108     
   1.7154802683575370     
  -1.2570357913229359E-002
  -1.5436150881613930     
   1.3434939999739113     
  0.19711193334106511     
   1.4875887036931275     
  -1.6899821753874398     
  0.37289043420804630     
   1.3459939708229858     
  0.88977985355427636     
  0.75543871127865203     
   1.1610156517766395     
   1.0486983372725485     
  0.41560155686879174     
 -0.28392738422964653     
   7.8836846635074911E-002
  -1.1642820268500360     
  -1.5433495839544313     
   7.9418648879024167E-002
   1.2013799898859561     
  -1.0486410942189059     
   1.0134830235422052     
 -0.60243241894738331     
 -0.80758705534971120     
  -2.0073045060390391     
 -0.39675996892166865     
  0.10734519799884930     
   5.7453902787588065E-002
 -0.62558273205678849     
 -0.16549110674499729     
 -0.41942791459803158     
 -0.62816407620301085     
  0.36966634547378113     
  0.53930695863193712     
 -0.39393726615575969     
 -0.21071422315166591     
   1.0008583684525463     
 -0.30290805225365242     
  0.72149053396028984     
  0.69097882200394567     
 -0.38957153335597372     
  -1.4142864025527582     
  0.54181730605549705     
 -0.47609507428952125     
 -0.78213430144001772     
  -1.9570725902181259     
  0.15391970755270953     
   7.9226809368149898E-003
 -0.57046113889088901     
  0.39906010042320467     
 -0.37863068291887841     
  -1.2468783727350794     
 -0.20992948425706806     
  -1.6430537156861158     
   2.0259939046165800     
  0.49251257934910414     
  -2.9579168622125892E-002
   1.0994001304318979     
  0.44136211471271075     
   3.9958724152514854E-004
   1.1369473664825553     
 -0.83712084054882285     
  0.19583942970573640     
   1.3554681248804199     
  0.59146788393267014     
  -1.2437909092127029     
 -0.62033634728071929     
   1.1436694639681735     
   1.6166843265215152     
  -5.7330565743851356E-002
   5.9566471506313154E-002
  0.62002243127465018     
 -0.87571151826716676     
  -1.5115978708440501     
 -0.35578688363685573     
  0.19735290512264922     
 -0.19570700425164059     
   1.1943805642227483     
  -2.0824507824952310     
  -1.0200979515362709     
  0.11524010279142999     
  0.54876575217572077     
   1.2407482811691461     
   1.2900409498827905     
   1.5224485832968617     
  -1.2140548376401048     
 -0.54601478905294176     
   1.8734322803544963     
   1.6740530252920447     
   1.5835495698820572E-002
  0.70617641161375888     
  -2.5861905244999789E-002
  -1.1898519545692148     
  0.58790106810023612     
 -0.51438734688406007     
  0.43305515241437853     
  0.13632509606854248     
  0.40651020670723692     
  0.60869829460358982     
   4.9955108281441202E-002
 -0.93014555538247212     
  -1.8880491495201814     
 -0.41131566473105496     
  0.63281725073979123     
  -1.0741692219520682     
   1.2736980010320194     
  0.78309399843872063     
  0.58171324842883754     
  0.81385371499499015     
  -1.1037271289480686     
  -1.8582240808267281     
  -6.5297862850980326E-002
 -0.49726571859881613     
  0.45816860697042550     
   1.4512811961029466     
 -0.19447368183714853     
   1.1026953090141289     
 -0.78451570534171122     
   1.4550374726818183     
 -0.49771043559524808     
 -0.59476196411673254     
  0.59790469209160313     
  -1.4911163077898033     
  -1.3917930521609334     
  -1.9957217237742242     
  -1.3470271159131124     
 -0.50931920860608448     
 -0.23788055805068675     
 -0.85474066000019777     
  0.55626652908109520     
  0.39235131420488140     
  0.23793966132559005     
  0.89451135887520117     
 -0.72224276972714030     
   1.6010391741789267     
  0.71054947355443276     
  0.20881769490837482     
  0.31304846409631593     
 -0.29343579658026681     
  -1.7308911550345714     
  0.93297027187697190     
  0.62938831805899609     
  -1.7041118404304458     
  0.59214637230720579     
  0.96379559234896328     
   1.3860552543122016     
   1.2087070725937263     
  0.20676050615907501     
  -1.1258917750780817     
  0.37821295734250265     
   1.0779112859501878     
  -1.5966174306846397     
 -0.20219348318467290     
  -1.0007640627524159     
 -0.21255256028776165     
 -0.46169235043109957     
  0.19515207153181119     
  0.84224165055228117     
 -0.23706261210442484     
 -0.95083951077106443     
 -0.37327122023552228     
 -0.42724925582577861     
 -0.83431153520502899     
  0.70078848874499122     
  -9.3600796689457824E-002
   1.2543423615801808     
  0.23637496012837261     
 -0.22053240285981471     
  -1.3596068556716145     
   1.8277133642009193     
  0.62291003535632861     
   1.9273964476394751E-002
  0.72859671597688613     
  0.47851100315709011     
  -1.5780209567917762     
 -0.96533308763204784     
 -0.33018326270371234     
 -0.39656266227885667     
 -0.84748215234967395     
   1.6040141225404061     
  -2.3025117658154941E-003
   1.3891581871484537     
 -0.32400146314527295     
   1.4384605947962661     
   1.4640052665005305     
  0.77212508939350322     
  0.10909806869143394     
   1.3583780856319279     
  0.63585937237720580     
 -0.20239651132057640     
 -0.78996921485217841     
   4.9093289559490171E-003
   1.1321870258734281     
 -0.80721735972121678     
   1.3051173902260016     
  0.39198467320278441     
   1.2417722927133783     
  -1.0913692637262684     
 -0.64531791450443932     
  0.99718155664080765     
  -1.4285914377044877     
   1.1167247932452495     
  0.25791288261431511     
 -0.35977977047965531     
  0.16356604914287365     
 -0.62479473842333344     
 -0.40814152923833052     
  0.69764452214662509     
  0.32195871996226422     
  0.26207162734715261     
   2.5959467000165830     
   1.2293681882288805     
  -7.2873694728970137E-002
  0.67442332724339948     
  0.29158526747230096     
  -9.0295068650806082E-002
   1.2539895056240542     
  0.46749687479211749     
   1.3088054148054136     
  0.13166088096571127     
 -0.33938963422774504     
  -1.2581028204345326     
  -1.1991670647137125     
  0.76213224134036095     
  -1.2931570672432131     
 -0.26372814224872437     
  0.89147769152923118     
   3.1478589528097199E-002
  -1.6321763792832031     
  0.96931137918791588     
 -0.53353352838786461     
   1.0871110819289189     
   1.9110061282260595     
   1.0740825364962050     
  -1.7749335208390833     
  0.77565950980755460     
 -0.68554362184782536     
 -0.43496585006523492     
   2.4665150100265163     
  0.51572840465123038     
  0.76996266651714340     
  0.64726258612212106     
  -1.6927174156320917     
  0.95969002847455753     
 -0.91390540183853475     
  0.12518214503947483     
 -0.21576495407625670     
  -1.6390298480183099     
  0.33723716273699117     
 -0.35612666128433235     
   2.0218420704724021     
 -0.61314350310432020     
 -0.57629599130456577     
  0.18621053601802631     
  0.84215206872065962     
 -0.95476157684698781     
  0.15308971028973203     
 -0.28085306960231843     
 -0.90716398577046031     
 -0.66120139585974691     
  0.86579896243511323     
   2.2033628735773290     
   1.0095490273730978     
   1.6445615831577312     
 -0.29482684414975019     
  0.31423039285552895     
  0.17871316253743144     
   1.1054178548703621     
  0.73384903621478426     
  -1.0649557913701144     
  0.53668563552655912     
 -0.35517698264683556     
  -1.5601199965545287     
  -1.4266399652814712     
  0.41817628616768587     
  -1.9598707086598819     
   1.0266016837452228     
   1.0021133401371811     
   8.2317492497538822E-002
 -0.81369569409186426     
 -0.72126860001133553     
  0.75867142922984188     
  0.57487298277499554     
 -0.26982876979463549     
  0.53800331384453393     
  -1.2935221809130046     
 -0.31603728702790934     
 -0.38270061466634386     
 -0.41697238380180385     
  0.72174133495718096     
 -0.81177806629755589     
 -0.70050160680679741     
 -0.13605877644543754     
 -0.17870543843221320     
  -2.1218473659412886     
  -2.1123974607328790     
 -0.52776225527610621     
   1.7957059288833914     
   1.3102203328238691     
 -0.51134241249703194     
   2.3050232325497904     
  -1.4917470519407472     
  -1.1167645225864822     
   5.2148178032720337E-002
 -0.78456623890109989     
  0.98099191280120468     
  0.74151419132975371     
  0.84094116491341897     
  0.38888867601367538     
  -1.1264453543414035     
  -1.4430852181525013     
  0.66006085355623112     
   1.0382694503043171     
   1.1012362590204161     
 -0.33055157777987476     
 -0.22533941470061988     
 -0.94369323523765358     
   1.4229994117752529E-002
  0.26622011323328881     
  0.84244032023810600     
  0.12254654868552868     
 -0.70584943451178939     
  0.25027032842985608     
   1.9625982341094017     
  0.36955786265664120     
 -0.27610155853075585     
   1.1177744831146998     
  -1.2913857019452735     
  0.96752892224861808     
  0.71354843197390461     
 -0.90211535652041641     
   1.1715042052129754     
 -0.38340657753028967     
   1.3314699533621666     
   1.6836768724947648     
 -0.74572774802162844     
 -0.70533110353381734     
  -1.6927693501997325     
   1.6480133262918295     
 -0.19814774537875654     
  0.44972018311545120     
  -1.0077227610842372     
  -8.7247112198150747E-002
 -0.12937634511485904     
   2.4523086246004513     
 -0.39060790703687565     
   1.4850164553922827     
  0.66423300621237946     
  0.14380223790731653     
  0.46622382570578147     
  -1.5152082106845202     
 -0.71408814992364567     
  0.47144051410963850     
 -0.51772619348596549     
   1.2671564707229503     
 -0.34046060842328418     
  0.84587339125720606     
   1.4443697251641778     
   1.1719862490602782     
  0.42184556926302547     
  0.55829024870751343     
  0.93165188707181257     
 -0.32169558589876851     
  0.16842164986944461     
 -0.12116291073165111     
  0.42358851413335147     
 -0.78889009773364338     
  -1.8297565116445433     
  0.29550589131696542     
   1.1921192563180041     
 -0.17318337946524129     
  0.65148798062274682     
 -0.91674752730625353     
 -0.14443956766921520     
 -0.51196917978801926     
  0.32634567048401109     
 -0.81027707040773767     
  -1.3296441170507454     
   2.1987308280734288     
 -0.33759741020657769     
   4.5763803482393402E-002
 -0.18939134919782200     
 -0.51530520860072271     
  -3.2617080357919985E-002
 -0.28305700155578978     
  -1.3399424956691284     
  -3.1034089838522023     
 -0.21675387331959756     
  0.15521375774317361     
 -0.79567768447888676     
 -0.33584138647175799     
 -0.40934546942803635     
  0.29562272544015966     
  0.10160073969225929     
   1.5451759569198833     
  -5.4339729655928246E-002
 -0.47035655689197242     
 -0.41402252275356882     
  -5.3154584034389198E-003
   2.0956226687204218     
  0.76724018035342045     
  -2.2470741007589359     
  0.78691602115313608     
  0.96487666683108131     
  -5.1023422259045279E-003
  -2.5618132594171887E-002
 -0.10767092608599828     
  0.74403351517544170     
  -1.9421833676080471     
  0.10156137420577321     
  -1.4575094701304718     
  0.21823128214327600     
  -1.1551733942278006     
  0.70176984278344223     
   4.8574134103413033E-002
 -0.99997886588117757     
  0.68426087829123294     
 -0.84545678462244833     
   1.5778456044064764     
  0.75757790974337391     
  -1.5345590112972884     
   1.2017799034875967     
   2.3053698185993950E-002
  -1.3578792144782919     
   1.5888548352140741     
 -0.12483411228991365     
  0.27443484848566491     
  -1.2563728264762477     
  0.24771473409318562     
  0.58572870384438858     
 -0.47664004689218359     
   2.6496156573911425E-002
  0.86695596768868732     
   1.0239717719237535     
  -1.0633000295161581     
 -0.20207160949244815     
  0.21789496283084761     
  -1.0229771984965712     
  -1.5884434909123282     
  -2.2255409926774758     
 -0.32215116985902265     
  0.16384836918106649     
   1.3958705312568893E-002
 -0.64623834616587439     
  -1.2474012211300898     
  0.22554115364944557     
   1.4338436003619095     
 -0.38048102990892319     
   1.5418755945306295     
  -1.9518347355972345     
  0.95015920390818320     
  -1.7106147963112421     
   1.7168640034671636     
   1.2996461562246910     
   1.1318713482552660E-002
  -4.3997115223469142E-002
  -4.2174459504689663E-002
  0.47935535420488240     
  -1.2767942555116107     
  0.59552685192053745     
  -1.3940389576801953     
   1.4007070771973720     
  0.20430747289398499     
   1.4076692360556893     
  -1.2494897426147666     
 -0.59121038818440164     
  0.73658710823702978     
  0.53256311927010769     
   1.0470124253023421     
 -0.15385814671160605     
 -0.17744845047189442     
  0.28777912454587906     
 -0.98057775960451754     
  0.39322394767096008     
  0.37966519663653026     
   1.9953020681627776     
  -1.2767991880483036     
 -0.12701729562998168     
 -0.14075792176448718     
 -0.70033837262675680     
 -0.76671805963500639     
  -1.7786839219314861     
  -1.9771113522411858     
   1.7792482308773521     
 -0.15755344435543167     
  0.39054148045009418     
   1.1695431004303274     
 -0.33931510693973921     
   1.8241866410145460     
 -0.89679532365163517     
   1.5706351338316484     
  0.83760629963654643     
  0.87097018749711308     
 -0.18872317782316092     
  -2.0462824950200389     
   1.6018726475041642E-002
   1.4946397129385673     
  0.35647461715228973     
 -0.29665246038623422     
  0.86600582076407473     
  0.33524865483238214     
   1.2053683116532778     
  -8.1973274516280809E-002
 -0.94434348537290458     
  0.86178589521572901     
  -1.3259098288916413     
  0.30030819379833118     
  0.36081045584097476     
  -1.3586421846026908     
  0.99818325479521375     
  0.27571787186945029     
  0.27389783635102766     
  -2.9244187752838791     
  -1.0324628544038823     
   2.6710514037901549     
  0.70463754463337835     
  -1.7435538398639374     
 -0.41115500209011657     
   2.0623784644239014     
   1.2628844255600997     
  0.54209102210086924     
  0.87528942488003336     
  0.64864765716655071     
   1.0568259322543265     
  -7.5961241220929732E-002
  -1.6152128642464376     
  0.41746584972268053     
  0.97664047642104324     
 -0.20030335617904296     
  0.37329640770323114     
  -4.5921124906863182E-002
  -1.7751871399765151     
   1.6158618464379852     
   1.2829872357405256     
  0.53526552788407478     
 -0.65032505710645327     
  -3.9495108959636420E-002
  -2.4531221456675425     
   1.3665806029104739     
 -0.43893790592063342     
   1.6007926411525468     
  0.25661382853058751     
  0.23608277056087476     
   1.0996920394936966     
  0.75735965129348604     
  0.39687249453908013     
 -0.76887774824108257     
  0.14350127179689165     
  0.20416035472029984     
 -0.43898239772677294     
  -1.9171550094606455     
  -1.0300561444099450     
 -0.13872552458991624     
  0.51030270273287048     
  0.49334732024700406     
 -0.99620558774537282     
   2.0631228470247667     
  -6.1749160963416889E-003
 -0.13903099766647328     
  0.69535206245613845     
  0.24669270886509248     
 -0.45593742641883372     
   3.6066488237166933E-002
  0.16889260112199897     
  0.14039462455316015     
  0.87658409791614944     
  0.24604608479522144     
  0.23128473954816881     
   2.6927754322754283E-002
 -0.78321794853866256     
 -0.23273464737522215     
 -0.50298642774680213     
  0.59068344568684028     
   1.9842532009598965     
  -1.6818136685317768     
  -3.4855083655431184E-002
  0.24873643990742145     
 -0.91899592327001101     
  0.28510173321928850     
  -1.3483859943565892     
  0.54136553480905247     
  -3.3304775353314207     
  0.39661749527858858     
 -0.56547927353228888     
 -0.87011817484887566     
   1.2340981116558496     
 -0.26130728566172867     
  -1.8669805606700518     
 -0.61183201681366173     
  0.21443841221598411     
  0.32910172335215238     
   1.0273549727152811     
   1.0994651868170946     
 -0.60244308161004079     
  0.12844822282148538     
  0.97465548541522473     
  0.50155434830100076     
   1.2406056676341626     
   1.3189489379224597     
  0.93613221625368070     
   1.0720748668919176     
  -1.3010463669780383     
  0.26358547286605516     
 -0.28791604597632325     
  -6.8991752527643530E-002
  -8.7365730252641730E-002
  0.34972736533117615     
  -1.8043075847237995     
  -7.0557256941068666E-002
   1.0015888393379069     
  0.45340310121877414     
  0.51648062965940411     
   1.1240008670844590     
   1.8930124338710803     
 -0.96068867103105837     
 -0.61805279231785926     
  -1.1966305243680018     
  -1.8913824421730043     
   2.0850210112820213     
  0.28703234839013131     
 -0.88443303217503755     
  -1.1406216841597019     
 -0.15673041227519288     
  -1.5468639007107744E-002
 -0.81167390369395409     
  0.64425791991878489     
 -0.24528693264712406     
   2.0329958749969435     
   1.2279710494874179     
 -0.11788834311910572     
  0.52806826785439331     
 -0.18928317268830314     
  0.28370653438579269     
   2.3925634879078426E-002
  0.81913784166805736     
 -0.65304370719514382     
  0.40349370328577649     
  0.74193313876271294     
  0.74436339650499561     
  -1.6089013937671786     
   1.1064838067910907     
 -0.78430400237836240     
 -0.47985962798638809     
   2.2297639437564745     
  0.95482199627320097     
 -0.14616574222852902     
   1.2379835632997589     
   1.4753332508457324     
 -0.38349619729808432     
 -0.76703869626216992     
 -0.44045278535570648     
  0.79346035044961383     
  -1.0790881650714814     
  0.93990766861232122     
 -0.70190823104153888     
  0.19166752731174239     
  -1.7195241021777770     
 -0.98445706602281935     
  0.73000082726195559     
  0.69597653144962079     
 -0.21220849609013984     
  -1.0316027945200865     
   2.3643338330246091     
  0.66329888637011547     
 -0.58270017811618846     
   1.6309902118512203     
   3.3984710241890217E-002
 -0.36523804397944548     
  -1.5264716665101949     
   1.7155871353332197     
  -2.2212927826954121     
  0.12869978497168877     
  0.29285218636070981     
  0.82123050582986656     
   1.6873352466465259     
  0.33132810690685777     
  -1.2251281708059680     
  0.56925735647157782     
   1.5941479107983276     
  -2.1177143381659436     
   1.1975906600095405     
 -0.82307620091281175     
  0.42534822497861469     
   2.9862054900530174E-002
  0.35640807387815698     
 -0.22785262200302284     
  0.73457089108372775     
   1.2092021625663072     
 -0.29855426923171591     
 -0.42832513166753400     
  -1.0650952283627411     
  -1.1211620068724988     
 -0.73786134295601669     
 -0.75910144210652897     
   1.1765759394482644     
  0.25316922114989471     
 -0.76002498066308311     
  0.23086484168590821     
  0.16264085885256332     
