   1.00000000       5.21045038E-03   3.24215762E-05
   2.25062656       5.96144656E-03   4.08799497E-05
   3.50125313       5.10386890E-03   3.37203746E-05
   4.75187969       4.36544511E-03   3.63079598E-05
   6.00250626       8.79292283E-03   6.00321764E-05
   7.25313282       4.85183112E-03   3.57013669E-05
   8.50375938       5.02198935E-03   3.17662416E-05
   9.75438595       2.58676289E-03   2.96517919E-05
   11.0050125       5.28874574E-03   3.14201025E-05
   12.2556391      -9.74420283E-04   1.23026184E-05
   13.5062656       6.56789774E-03   3.71695460E-05
   14.7568922       3.63553409E-03   3.59057340E-05
   16.0075188       1.13593210E-02   6.47949200E-05
   17.2581463       6.74337987E-03   6.12056174E-05
   18.5087719       1.20949335E-02   7.20720127E-05
   19.7593994       6.85775466E-03   6.65913030E-05
   21.0100250       1.14805922E-02   7.28229934E-05
   22.2606525       4.82883304E-03   4.65690646E-05
   23.5112782       1.15477992E-02   6.92015092E-05
   24.7619057       6.43113116E-03   5.61991328E-05
   26.0125313       9.79979243E-03   6.37366975E-05
   27.2631588       6.43926393E-03   5.25068681E-05
   28.5137844       8.07127077E-03   5.16746441E-05
   29.7644119       7.65879732E-03   5.93890363E-05
   31.0150375       1.15304133E-02   7.53051791E-05
   32.2656631       1.17861554E-02   8.63241803E-05
   33.5162926       1.17598483E-02              NaN
   34.7669182       6.07138220E-03   6.26818510E-05
   36.0175438       1.21601112E-02   7.55561196E-05
   37.2681694       1.08647933E-02   8.53985621E-05
   38.5187988       1.43509945E-02   9.46772780E-05
   39.7694244       1.18873939E-02   9.25487984E-05
   41.0200500       1.69254821E-02   1.10909532E-04
   42.2706757       1.29915820E-02   9.75125586E-05
   43.5213051       1.65524725E-02              NaN
   44.7719307       1.23256091E-02   9.45126812E-05
   46.0225563       1.56927612E-02   9.86808082E-05
   47.2731819       1.18131908E-02   9.19377126E-05
   48.5238113       1.45357503E-02              NaN
   49.7744370       9.70024150E-03   8.23182854E-05
   51.0250626       1.52762439E-02              NaN
   52.2756882       9.57861636E-03   7.74688378E-05
   53.5263176       1.28894020E-02   8.49595162E-05
   54.7769432       5.84200677E-03   4.93416992E-05
   56.0275688       8.98789801E-03              NaN
   57.2781944       8.02268367E-03   6.07793008E-05
   58.5288239       1.16546713E-02              NaN
   59.7794495       8.57378170E-03   6.65223415E-05
   61.0300751       1.50892129E-02              NaN
   62.2807007       1.19923865E-02   8.77397251E-05
   63.5313301       1.61725115E-02              NaN
   64.7819519       1.26279453E-02   1.00431083E-04
   66.0325851       1.49432905E-02   1.00709811E-04
   67.2832108       1.59618147E-02   1.17531330E-04
   68.5338364       1.95203852E-02              NaN
   69.7844620       1.60902012E-02   1.16753814E-04
   71.0350876       1.91147812E-02              NaN
   72.2857132       1.51036922E-02   1.13960021E-04
   73.5363388       1.46468701E-02   9.72295747E-05
   74.7869644       1.11473855E-02   9.41751350E-05
   76.0375977       1.33759882E-02              NaN
   77.2882233       1.14228763E-02   9.56217482E-05
   78.5388489       1.61830299E-02              NaN
   79.7894745       1.45451734E-02   1.12042268E-04
   81.0401001       1.90922823E-02              NaN
   82.2907257       1.48896696E-02   1.07370717E-04
   83.5413513       2.01762915E-02              NaN
   84.7919769       1.52725158E-02   1.09341745E-04
   86.0426102       1.96023304E-02   1.21471392E-04
   87.2932358       1.74823254E-02   1.24648097E-04
   88.5438614       2.09256336E-02              NaN
   89.7944870       1.32804504E-02   1.02956365E-04
   91.0451126       1.43057918E-02              NaN
   92.2957382       9.79037862E-03   7.69802646E-05
   93.5463638       1.43835712E-02   9.41523758E-05
   94.7969894       1.31007656E-02   9.70920955E-05
   96.0476227       1.56144844E-02              NaN
   97.2982483       1.34042623E-02   9.98178584E-05
   98.5488739       1.95162427E-02              NaN
   99.7994995       1.42344208E-02   1.05474988E-04
   101.050125       1.82884187E-02              NaN
   102.300751       1.54321082E-02   1.13407295E-04
   103.551376       1.78594217E-02              NaN
   104.802002       1.48613546E-02   1.06386709E-04
   106.052635       1.69196501E-02   1.05207990E-04
   107.303261       1.26690520E-02   1.01955673E-04
   108.553886       1.65090449E-02              NaN
   109.804512       1.65214296E-02   1.19750744E-04
   111.055138       2.35204641E-02              NaN
   112.305763       1.66844539E-02   1.27061227E-04
   113.556389       1.97503343E-02   1.19695003E-04
   114.807014       1.56824663E-02   1.17711556E-04
   116.057648       1.98701229E-02   1.24309474E-04
   117.308273       1.42956348E-02   1.09025154E-04
   118.558899       2.11062077E-02              NaN
   119.809525       1.71995033E-02   1.25327322E-04
   121.060150       2.14100704E-02              NaN
   122.310776       1.67477075E-02   1.25568244E-04
   123.561401       1.88986845E-02              NaN
   124.812027       1.35261156E-02   9.82976053E-05
   126.062660       1.36965346E-02   9.04889675E-05
   127.313286       1.52567932E-02   1.11143767E-04
   128.563904       1.83760095E-02              NaN
   129.814529       1.56910866E-02   1.17114847E-04
   131.065170       1.98520664E-02              NaN
   132.315796       1.61460526E-02   1.12716065E-04
   133.566422       2.05462389E-02   1.27240884E-04
   134.817047       1.60856955E-02   1.15840703E-04
   136.067673       2.26956978E-02   1.44732243E-04
   137.318298       1.81633253E-02   1.31768960E-04
   138.568924       2.28193551E-02   1.45522106E-04
   139.819550       1.50624821E-02   1.13951581E-04
   141.070175       1.56994201E-02   1.01872720E-04
   142.320801       9.52943601E-03   7.74095970E-05
   143.571426       1.52238775E-02   9.26807115E-05
   144.822052       1.04992576E-02   8.93040851E-05
   146.072678       1.14885103E-02              NaN
   147.323303       7.84967933E-03   7.12035908E-05
   148.573929       1.31683350E-02   7.89292390E-05
   149.824554       8.49303044E-03   6.75726988E-05
   151.075195       1.33954939E-02              NaN
   152.325821       1.05656674E-02   8.02205468E-05
   153.576447       1.14382282E-02              NaN
   154.827072       9.61975940E-03   7.46552832E-05
   156.077698       1.29608735E-02   8.04535666E-05
   157.328323       9.21461731E-03   7.55502770E-05
   158.578949       1.33045278E-02   8.33610538E-05
   159.829575       1.13141369E-02   8.38133128E-05
   161.080200       1.33721959E-02   8.22601578E-05
   162.330826       1.26752881E-02   9.16009885E-05
   163.581451       1.55108990E-02   9.96665694E-05
   164.832077       1.08744297E-02   8.53259116E-05
   166.082703       1.44504122E-02              NaN
   167.333328       1.03719048E-02   8.46487310E-05
   168.583954       1.45885944E-02   9.28081572E-05
   169.834579       1.57028791E-02   1.10129338E-04
   171.085220       2.00448055E-02              NaN
   172.335846       1.42460857E-02   1.00860736E-04
   173.586472       1.39279179E-02   9.63743587E-05
   174.837097       1.06035294E-02   7.76154484E-05
   176.087723       1.71456821E-02              NaN
   177.338348       1.57629997E-02   1.15477465E-04
   178.588974       1.79557223E-02   1.18605240E-04
   179.839600       1.10429581E-02   9.12065807E-05
   181.090225       1.32995704E-02   8.40893626E-05
   182.340851       9.84925125E-03   8.06513999E-05
   183.591476       1.62680391E-02              NaN
   184.842102       1.09701278E-02   9.32288240E-05
   186.092728       2.12144032E-02   1.25755527E-04
   187.343353       1.49767324E-02   1.15950483E-04
   188.593979       1.94390360E-02              NaN
   189.844604       1.45086534E-02   1.11329355E-04
   191.095245       1.96253899E-02   1.24629150E-04
   192.345871       1.37794754E-02   1.05495674E-04
   193.596497       1.77403409E-02   1.12282964E-04
   194.847122       1.21208681E-02   9.48453016E-05
   196.097748       1.88971013E-02   1.17137388E-04
   197.348373       1.63989309E-02   1.20747347E-04
   198.598999       2.11584195E-02              NaN
   199.849625       1.57997739E-02   1.17946605E-04
   201.100250       1.78036671E-02   1.10912493E-04
   202.350876       1.42317656E-02   1.07961205E-04
   203.601501       1.69439558E-02              NaN
   204.852127       1.49346534E-02   1.11107562E-04
   206.102753       1.83131378E-02              NaN
   207.353378       1.49631510E-02   1.12029345E-04
   208.604004       1.91338491E-02              NaN
   209.854630       1.28906183E-02   1.01098754E-04
   211.105270       1.52137252E-02   8.78123683E-05
   212.355896       1.10943075E-02   8.49529752E-05
   213.606522       1.58800855E-02   1.01873673E-04
   214.857147       8.76761600E-03   7.54024950E-05
   216.107773       1.17526241E-02   7.67314123E-05
   217.358398       7.43882544E-03   6.42095692E-05
   218.609024       1.35758938E-02   8.29908677E-05
   219.859650       1.15651665E-02   8.94343975E-05
   221.110275       1.50424186E-02              NaN
   222.360901       9.61748511E-03   6.96402712E-05
   223.611526       1.27453385E-02              NaN
   224.862152       1.02926111E-02   8.02892973E-05
   226.112778       1.72823053E-02              NaN
   227.363403       1.29202381E-02   9.98099640E-05
   228.614029       1.35683240E-02              NaN
   229.864655       9.18064546E-03   7.68858736E-05
   231.115295       1.55992545E-02   9.88390384E-05
   232.365921       1.04776835E-02   8.51563163E-05
   233.616547       1.41524170E-02   8.90055016E-05
   234.867172       1.10795032E-02   9.03979744E-05
   236.117798       1.75279863E-02   1.08613342E-04
   237.368423       1.38459541E-02   1.06905864E-04
   238.619049       2.09080242E-02   1.28160318E-04
   239.869675       1.72062069E-02   1.28744534E-04
   241.120300       1.63140595E-02              NaN
   242.370926       1.18037416E-02   9.69561879E-05
   243.621552       1.65787209E-02              NaN
   244.872177       1.20348772E-02   9.44829153E-05
   246.122803       1.73754543E-02              NaN
   247.373428       1.28189018E-02   1.05617721E-04
   248.624054       1.60875469E-02              NaN
   249.874680       1.12535693E-02   9.87361273E-05
   251.125320       1.70423221E-02   1.11017973E-04
   252.375946       1.19447540E-02   1.00747449E-04
   253.626572       2.10610889E-02   1.39117139E-04
   254.877197       1.90498848E-02   1.37828829E-04
   256.127808       2.23553255E-02   1.43412355E-04
   257.378448       1.98085327E-02   1.39064257E-04
   258.629059       2.19667982E-02   1.38486736E-04
   259.879700       1.61192417E-02   1.15094175E-04
   261.130341       1.67141370E-02   1.05754312E-04
   262.380951       1.31241474E-02   9.46168875E-05
   263.631592       1.63514931E-02              NaN
   264.882202       1.13279792E-02   8.32515361E-05
   266.132843       1.60248559E-02   1.01009457E-04
   267.383453       1.12859551E-02   8.84579640E-05
   268.634094       1.33386292E-02   8.92523749E-05
   269.884705       7.79369334E-03   6.63536412E-05
   271.135345       1.35900155E-02   9.02037427E-05
   272.385956       9.79845040E-03   7.42134071E-05
   273.636597       1.55949919E-02              NaN
   274.887207       1.25593971E-02   9.28683075E-05
   276.137848       1.59222707E-02   1.04212610E-04
   277.388458       1.43047953E-02   1.02652928E-04
   278.639099       1.49932206E-02              NaN
   279.889709       1.36578009E-02   1.03203791E-04
   281.140350       1.64111573E-02   1.05994397E-04
   282.390991       1.11694122E-02   8.75995902E-05
   283.641602       1.49466358E-02   9.59600511E-05
   284.892242       9.47395246E-03   8.08918267E-05
   286.142853       1.57773122E-02   9.90895714E-05
   287.393494       1.16946436E-02   9.68833410E-05
   288.644104       1.70062371E-02              NaN
   289.894745       9.96868499E-03   8.29051423E-05
   291.145355       1.29333250E-02   7.56949303E-05
   292.395996       8.77159555E-03   7.70605839E-05
   293.646606       1.23540219E-02   7.95148007E-05
   294.897247       9.72363260E-03   8.18189510E-05
   296.147858       1.09933475E-02              NaN
   297.398499       5.29781776E-03   5.38833010E-05
   298.649109       1.07721472E-02              NaN
   299.899750       8.72305967E-03   7.35401263E-05
   301.150391       1.33114047E-02   8.36028703E-05
   302.401001       1.00764679E-02   8.03602670E-05
   303.651642       1.37308491E-02   9.04445624E-05
   304.902252       1.12347389E-02   8.19790148E-05
   306.152893       1.09886834E-02   6.83556209E-05
   307.403503       8.69278330E-03   7.09486339E-05
   308.654144       1.26438877E-02   8.02155046E-05
   309.904755       1.01806177E-02   8.63819587E-05
   311.155396       1.46954823E-02   9.24958877E-05
   312.406006       8.83839652E-03   7.80800474E-05
   313.656647       1.33569743E-02   7.80139817E-05
   314.907257       7.91409891E-03   7.14743655E-05
   316.157898       1.34626748E-02   8.20893110E-05
   317.408508       1.06733171E-02   8.65632028E-05
   318.659149       1.51989730E-02              NaN
   319.909760       1.21450014E-02   9.28645386E-05
   321.160400       1.43939210E-02              NaN
   322.411041       8.67884140E-03              NaN
   323.661652       1.02589345E-02              NaN
   324.912292       6.17844798E-03   5.69342046E-05
   326.162903       8.79213493E-03   4.82692376E-05
   327.413544       6.25567976E-03   6.00676212E-05
   328.664154       1.14741735E-02   6.94122573E-05
   329.914795       1.00008678E-02   8.65558031E-05
   331.165405       1.24433171E-02              NaN
   332.416046       8.52261204E-03   7.57956150E-05
   333.666656       1.16793262E-02   7.20525786E-05
   334.917297       9.91433486E-03   8.34960592E-05
   336.167908       1.31361475E-02   8.24367744E-05
   337.418549       7.71014346E-03   6.72824463E-05
   338.669159       1.14437984E-02   6.46413391E-05
   339.919800       9.48549062E-03   7.24290876E-05
   341.170441       9.91301984E-03   5.98837250E-05
   342.421051       7.17736501E-03              NaN
   343.671692       1.15780784E-02   7.42414195E-05
   344.922302       1.14807198E-02   9.03614346E-05
   346.172943       1.58358645E-02   1.01950187E-04
   347.423553       1.25361551E-02   9.83149439E-05
   348.674194       1.70823596E-02   1.11255322E-04
   349.924805       1.11172209E-02   9.16047939E-05
   351.175446       1.48899071E-02   9.44226049E-05
   352.426056       1.29185878E-02   1.04896142E-04
   353.676697       1.47916134E-02   9.42254483E-05
   354.927307       8.97555612E-03   8.25946918E-05
   356.177948       1.14714773E-02   7.08478692E-05
   357.428558       1.09792789E-02   8.96066776E-05
   358.679199       1.16140954E-02   7.05603525E-05
   359.929810       1.30231371E-02   1.02303435E-04
   361.180450       1.50903892E-02   9.46621876E-05
   362.431091       1.29844276E-02              NaN
   363.681702       1.52466437E-02   9.33238116E-05
   364.932343       1.05324946E-02   9.15217242E-05
   366.182953       1.76532306E-02   1.12561356E-04
   367.433594       1.35993054E-02   1.05504361E-04
   368.684204       1.69756692E-02   1.10452755E-04
   369.934845       1.45172067E-02   1.12154856E-04
   371.185455       1.79730076E-02              NaN
   372.436096       1.46046532E-02   1.12131704E-04
   373.686707       2.08688267E-02   1.31827881E-04
   374.937347       1.75294857E-02   1.25534483E-04
   376.187958       2.30752733E-02              NaN
   377.438599       1.76765509E-02   1.27767547E-04
   378.689209       2.20443774E-02   1.45365091E-04
   379.939850       1.69428047E-02   1.24234779E-04
   381.190491       1.85604971E-02              NaN
   382.441101       1.12905083E-02   8.75269689E-05
   383.691742       1.63937099E-02   1.06631640E-04
   384.942352       9.86876246E-03   7.90838094E-05
   386.192993       1.11513343E-02   7.66818630E-05
   387.443604       1.16707440E-02   8.91600357E-05
   388.694244       1.61436740E-02   1.03935803E-04
   389.944855       1.05028749E-02   7.68374084E-05
   391.195496       1.45967845E-02   8.96675701E-05
   392.446106       1.27172442E-02   9.55324358E-05
   393.696747       1.55311041E-02   1.01022168E-04
   394.947357       1.29804919E-02   9.90583794E-05
   396.197998       1.62049457E-02   1.06998690E-04
   397.448608       1.09318700E-02   8.02476861E-05
   398.699249       1.23268394E-02   8.15521416E-05
   399.949860       9.93026793E-03   7.64557117E-05
   401.200500       1.54964654E-02   9.94585498E-05
   402.451141       1.22729959E-02   9.23660191E-05
   403.701752       1.42251300E-02   9.23153420E-05
   404.952393       1.03407344E-02   8.34307211E-05
   406.203003       1.47780636E-02   9.19044905E-05
   407.453644       1.16513111E-02   9.00919840E-05
   408.704254       1.66194234E-02   1.03563783E-04
   409.954895       1.30063985E-02   9.95068258E-05
   411.205505       1.60325393E-02   9.89761247E-05
   412.456146       1.06031932E-02   8.35122555E-05
   413.706757       1.42621193E-02   8.51170480E-05
   414.957397       7.79243838E-03   6.66801352E-05
   416.208008       1.33767417E-02   8.64674948E-05
   417.458649       9.89310723E-03   8.13392835E-05
   418.709259       1.31127527E-02   8.48882846E-05
   419.959900       7.31944432E-03   6.55538388E-05
   421.210541       1.19546596E-02   7.94874722E-05
   422.461151       8.62781797E-03   7.30410975E-05
   423.711792       1.47996154E-02   9.31525210E-05
   424.962402       1.08805392E-02   9.21560932E-05
   426.213043       1.53925261E-02   9.83389546E-05
   427.463654       9.86560993E-03   8.02577561E-05
   428.714294       1.31172361E-02   8.71213924E-05
   429.964905       8.28513224E-03   7.29032981E-05
   431.215546       1.59782562E-02   9.62869090E-05
   432.466156       1.34322103E-02   1.06040468E-04
   433.716797       2.21688524E-02   1.33835172E-04
   434.967407       1.96489822E-02   1.52884284E-04
   436.218048       2.27223542E-02   1.42266115E-04
   437.468658       1.47228371E-02   1.08658467E-04
   438.719299       2.25432012E-02   1.34113579E-04
   439.969910       1.66709442E-02   1.30690372E-04
   441.220551       1.96049325E-02   1.23433842E-04
   442.471191       1.35107208E-02   1.05984458E-04
   443.721802       1.77151132E-02   1.12866735E-04
   444.972443       1.11441771E-02   8.66279734E-05
   446.223053       1.44141437E-02   8.72082528E-05
   447.473694       9.56037547E-03   8.13240404E-05
   448.724304       1.59542989E-02   1.01988393E-04
   449.974945       8.25806241E-03   7.53278655E-05
   451.225555       1.80289205E-02   1.12785674E-04
   452.476196       1.31910928E-02   1.07715947E-04
   453.726807       1.77411586E-02   1.12194721E-04
   454.977448       1.29839815E-02   1.04191167E-04
   456.228058       2.05187779E-02   1.31084671E-04
   457.478699       1.53791131E-02   1.18758551E-04
   458.729309       2.06381138E-02   1.26994317E-04
   459.979950       1.75230913E-02   1.31733424E-04
   461.230591       2.03656331E-02   1.27850217E-04
   462.481201       1.58434827E-02   1.20533077E-04
   463.731842       1.95105150E-02   1.19198834E-04
   464.982452       1.08987233E-02   8.52136727E-05
   466.233093       1.50156794E-02   9.11724273E-05
   467.483704       8.48697405E-03   7.25419741E-05
   468.734344       1.26069011E-02   8.16301617E-05
   469.984955       5.51783200E-03   5.02705225E-05
   471.235596       8.59134179E-03   5.82151988E-05
   472.486206       3.85738723E-03   3.72954637E-05
   473.736847       1.09326923E-02   6.36655022E-05
   474.987457       1.08469427E-02   9.19516242E-05
   476.238098       1.56125352E-02              NaN
   477.488708       1.06662167E-02   8.96583006E-05
   478.739349       1.61766727E-02              NaN
   479.989960       1.13790818E-02   9.26826833E-05
   481.240601       1.25819277E-02              NaN
   482.491241       1.14648389E-02   9.53448762E-05
   483.741852       1.70786809E-02   1.09754008E-04
   484.992493       1.65864322E-02   1.28470259E-04
   486.243103       1.80694386E-02   1.20933291E-04
   487.493744       1.41500439E-02   1.10409193E-04
   488.744354       1.51260151E-02   9.88295651E-05
   489.994995       8.89779441E-03   7.38574163E-05
   491.245605       1.34632997E-02   8.15581225E-05
   492.496246       1.33244582E-02   9.80273180E-05
   493.746857       1.99506115E-02   1.27510313E-04
   494.997498       1.63553897E-02   1.22636178E-04
   496.248108       1.91533789E-02   1.20694043E-04
   497.498749       1.39198275E-02   1.08216031E-04
   498.749359       1.97646562E-02   1.17857875E-04
   500.000000       1.99387483E-02   1.43914629E-04
